C:\Users\Leif Christiansen>python -W ignore "C:\Users\Leif Christiansen\Documents\blackBox\Scripts\mutations.py"
Reading C:\Users\Leif Christiansen\Documents\BlackBox\scripts\TestFiles\BBTestQ1_1x1000.txt
Step: 362
0  changed to  6 at row: 9 col: 9
--------------------------------------
PRINTING the previous matrix
 0  0  2  1  0  1  0  2  0  1
 3  1  0  1  4  1  0  0  9  0
 0  0  0  0  2  2  3  0  2  0
 0  1  0  1  6  0  0  1  0  6
 3  2  4  3  0  5  1  1  0  1
 1  1  0  0  0  6  3  8  9  1
 0  5  3  1  2  0  1  0  0  0
 1  3  2  0  0  1  0  8  0  1
 1  3  1  0  1  1  0  2  0  0
 1  0  0  0  0  0  1  3  0  0


--------------------------------------
PRINTING the current matrix
 0  0  2  1  0  1  0  2  0  1
 3  1  0  1  4  1  0  0  9  0
 0  0  0  0  2  2  3  0  2  0
 0  1  0  1  6  0  0  1  0  6
 3  2  4  3  0  5  1  1  0  1
 1  1  0  0  0  6  3  8  9  1
 0  5  3  1  2  0  1  0  0  0
 1  3  2  0  0  1  0  8  0  1
 1  3  1  0  1  1  0  2  0  0
 1  0  0  0  0  0  1  3  0  6


--------------------------------------
press enter to continue
Step: 467
1  changed to  0 at row: 0 col: 9
--------------------------------------
PRINTING the previous matrix
 0  0  2  1  0  1  2  2  0  1
 2  2  0  2  8  1  0  0  0  0
 0  0  0  3  0  2  3  9  1  0
 0  1  0  1  0  0  0  1  0  6
 4  2  0  8  0  0  0  0  0  2
 0  0  0  0  1  6  0  8  0  1
 0  5  3  1  2  0  1  0  1  0
 1  3  0  0  3  1  0  1  0  1
 1  0  1  0  1  0  0  0  0  0
 2  5  0  4  0  3  0  3  0  1


--------------------------------------
PRINTING the current matrix
 0  0  2  1  0  1  2  2  0  0
 2  2  0  2  8  1  0  0  0  0
 0  0  0  3  0  2  3  9  1  0
 0  1  0  1  0  0  0  1  0  6
 4  2  0  8  0  0  0  0  0  2
 0  0  0  0  1  6  0  8  0  1
 0  5  3  1  2  0  1  0  1  0
 1  3  0  0  3  1  0  1  0  1
 1  0  1  0  1  0  0  0  0  0
 2  5  0  4  0  3  0  3  0  1


--------------------------------------
press enter to continue
Step: 506
3  changed to  0 at row: 9 col: 7
--------------------------------------
PRINTING the previous matrix
 0  0  2  0  0  1  2  2  0  0
 2  2  2  2  8  3  0  0  0  1
 0  0  1  3  0  2  3  0  1  0
 0  1  0  1  0  3  0  1  0  6
 4  2  0  8  0  0  0  0  0  2
 4  0  0  0  1  1  0  8  4  1
 0  5  3  1  0  0  1  0  1  0
 1  3  4  0  3  1  0  0  1  1
 1  0  0  0  1  0  0  0  0  0
 2  4  0  0  0  3  0  3  0  1


--------------------------------------
PRINTING the current matrix
 0  0  2  0  0  1  2  2  0  0
 2  2  2  2  8  3  0  0  0  1
 0  0  1  3  0  2  3  0  1  0
 0  1  0  1  0  3  0  1  0  6
 4  2  0  8  0  0  0  0  0  2
 4  0  0  0  1  1  0  8  4  1
 0  5  3  1  0  0  1  0  1  0
 1  3  4  0  3  1  0  0  1  1
 1  0  0  0  1  0  0  0  0  0
 2  4  0  0  0  3  0  0  0  1


--------------------------------------
press enter to continue
Step: 841
2  changed to  0 at row: 0 col: 6
--------------------------------------
PRINTING the previous matrix
 9  1  5  3  1  0  2  0  0  1
 0  9  1  2  8  0  0  0  0  1
 5  0  0  0  0  0  1  0  6  0
 0  2  3  0  0  0  1  0  1  2
 3  1  2  0  9  4  0  7  1  0
 1  1  0  0  0  0  0  0  0  1
 0  1  1  1  0  4  0  1  4  0
 0  1  0  1  3  0  0  1  0  2
 0  5  0  0  2  1  0  0  1  0
 3  0  4  1  0  7  2  0  0  5


--------------------------------------
PRINTING the current matrix
 9  1  5  3  1  0  0  0  0  1
 0  9  1  2  8  0  0  0  0  1
 5  0  0  0  0  0  1  0  6  0
 0  2  3  0  0  0  1  0  1  2
 3  1  2  0  9  4  0  7  1  0
 1  1  0  0  0  0  0  0  0  1
 0  1  1  1  0  4  0  1  4  0
 0  1  0  1  3  0  0  1  0  2
 0  5  0  0  2  1  0  0  1  0
 3  0  4  1  0  7  2  0  0  5


--------------------------------------
press enter to continue
Step: 844
0  changed to  1 at row: 0 col: 6
--------------------------------------
PRINTING the previous matrix
 9  1  5  3  1  0  0  0  0  1
 0  0  1  2  8  0  0  0  0  1
 5  0  0  0  0  0  1  0  6  0
 0  2  3  0  0  0  1  0  1  2
 3  1  2  0  9  4  0  7  1  0
 1  1  0  0  0  0  0  0  0  1
 0  1  1  1  0  4  0  1  4  0
 0  1  0  1  3  0  0  1  0  2
 0  5  0  0  2  1  0  0  1  0
 3  0  4  1  0  7  2  0  0  5


--------------------------------------
PRINTING the current matrix
 9  1  5  3  1  0  1  0  0  1
 0  0  1  2  8  0  0  0  0  1
 5  0  0  0  0  0  1  0  6  0
 0  2  3  0  0  0  1  0  1  2
 3  1  2  0  9  4  0  7  1  0
 1  1  0  0  0  0  0  0  0  1
 0  1  1  1  0  4  0  1  4  0
 0  1  0  1  3  0  0  1  0  2
 0  5  0  0  2  1  0  0  1  0
 3  0  4  1  0  7  2  0  0  5


--------------------------------------
press enter to continue
Reading C:\Users\Leif Christiansen\Documents\BlackBox\scripts\TestFiles\BBTestQ1_1x1000_2015-10-03_16-08.txt
Step: 751
2  changed to  0 at row: 9 col: 7
--------------------------------------
PRINTING the previous matrix
 0  6  3  0  2  0  0  0  0  0
 1  0  2  1  1  9  3  1  2  4
 7  0  0  0  1  0  2  1  1  1
 0  0  3  1  0  0  4  0  0  1
 0  3  0  1  1  3  2  3  3  1
 1  3  0  0  0  0  2  2  1  1
 2  0  2  0  2  1  1  0  1  3
 4  1  1  1  2  1  1  0  1  4
 0  0  1  1  1  1  0  0  0  0
 0  0  1  1  0  1  0  2  0  1


--------------------------------------
PRINTING the current matrix
 0  6  3  0  2  0  0  0  0  0
 1  0  2  1  1  9  3  1  2  4
 7  0  0  0  1  0  2  1  1  1
 0  0  3  1  0  0  4  0  0  1
 0  3  0  1  1  3  2  3  3  1
 1  3  0  0  0  0  2  2  1  1
 2  0  2  0  2  1  1  0  1  3
 4  1  1  1  2  1  1  0  1  4
 0  0  1  1  1  1  0  0  0  0
 0  0  1  1  0  1  0  0  0  1


--------------------------------------

Step: 843
2  changed to  1 at row: 9 col: 7
--------------------------------------
PRINTING the previous matrix
 2  1  2  0  0  0  0  0  0  0
 0  0  2  1  1  9  0  1  0  2
 0  3  0  0  4  0  0  3  1  5
 0  7  3  1  0  0  2  0  0  1
 0  3  3  2  0  0  2  0  3  1
 1  3  9  0  0  2  2  6  1  1
 2  0  2  0  1  0  4  0  1  0
 2  5  3  0  2  0  0  0  1  4
 0  0  1  2  1  1  0  0  0  2
 0  0  1  1  0  6  0  2  0  1


--------------------------------------
PRINTING the current matrix
 2  1  2  0  0  0  0  0  0  0
 0  0  2  1  1  9  0  1  0  2
 0  3  0  0  4  0  0  3  1  5
 0  7  3  1  0  0  2  0  0  1
 0  3  3  2  0  0  2  0  3  1
 1  3  9  0  0  2  2  6  1  1
 2  0  2  0  1  0  4  0  1  0
 2  5  3  0  2  0  0  0  1  4
 0  0  1  2  1  1  0  0  0  2
 0  0  1  1  0  6  0  1  0  1


--------------------------------------
press enter to continue