Reading C:\Users\Leif Christiansen\Documents\BlackBox\scripts\TestFiles\BBTestQ2_1x1000.txt
Total Sum: 22.0 numCount: 5
Step: 697
2  changed to  0 at row: 3 col: 9
--------------------------------------
PRINTING the previous matrix
 0  0  0  0  0  0  0  0  0  0 
 0  0  0  0  0  0  0  0  0  0 
 0  0  0  0  0  0  0  0  0  0 
 0  0  0  0  0  0  0  0  0  2 
 0  4  0  0  6  4  6  0  0  0 
 0  0  0  0  0  0  0  0  0  0 
 0  0  0  0  0  0  0  0  0  0 
 0  0  0  0  0  0  0  0  0  0 
 0  0  0  0  0  0  0  0  0  0 
 0  0  0  0  0  0  0  0  0  0 


--------------------------------------
PRINTING the current matrix
 0  0  0  0  0  0  0  0  0  0 
 0  0  0  0  0  0  0  0  0  0 
 0  0  0  0  0  0  0  0  0  0 
 0  0  0  0  0  0  0  0  0  0 
 0  4  0  0  6  4  6  0  0  0 
 0  0  0  0  0  0  0  0  0  0 
 0  0  0  0  0  0  0  0  0  0 
 0  0  0  0  0  0  0  0  0  0 
 0  0  0  0  0  0  0  0  0  0 
 0  0  0  0  0  0  0  0  0  0 


--------------------------------------
Total # of changes: 181
Reading C:\Users\Leif Christiansen\Documents\BlackBox\scripts\TestFiles\BBTestQ2_1x1000_1.txt
Total Sum: 151.0 numCount: 28
Step: 275
2  changed to  0 at row: 2 col: 9
--------------------------------------
PRINTING the previous matrix
 0  0  0  6  0  8  0  0  0  2 
 0  0  0  0  3  0  0  0  0  0 
 4  0  0  9  0  0  0  0  0  2 
 0  0  3  0  0  0  0  0  0  0 
 5  0  0  8  0  0  6  6  0  1 
 4  8  8  0  0  6  0  0  0  0 
 0  2  0  5  3  0  0  8  0  0 
 0  0  8  6  0  3  0  0  5  0 
 7  9  0  0  0  0  6  0  0  0 
 0  0  0  0  0  0  0  0  0  0 


--------------------------------------
PRINTING the current matrix
 0  0  0  6  0  8  0  0  0  2 
 0  0  0  0  3  0  0  0  0  0 
 4  0  0  9  0  0  0  0  0  0 
 0  0  3  0  0  0  0  0  0  0 
 5  0  0  8  0  0  6  6  0  1 
 4  8  8  0  0  6  0  0  0  0 
 0  2  0  5  3  0  0  8  0  0 
 0  0  8  6  0  3  0  0  5  0 
 7  9  0  0  0  0  6  0  0  0 
 0  0  0  0  0  0  0  0  0  0 


--------------------------------------
Total Sum: 37.0 numCount: 8
Step: 529
2  changed to  0 at row: 6 col: 1
--------------------------------------
PRINTING the previous matrix
 0  0  0  6  0  0  0  0  0  0 
 0  0  0  0  0  0  0  0  0  0 
 4  0  0  3  0  0  0  0  0  0 
 0  0  0  0  0  0  0  0  0  0 
 0  0  0  0  0  0  8  6  0  0 
 0  0  0  0  0  6  0  0  0  0 
 0  2  0  0  0  0  0  0  0  0 
 0  0  0  0  0  2  0  0  0  0 
 0  0  0  0  0  0  0  0  0  0 
 0  0  0  0  0  0  0  0  0  0 


--------------------------------------
PRINTING the current matrix
 0  0  0  6  0  0  0  0  0  0 
 0  0  0  0  0  0  0  0  0  0 
 4  0  0  3  0  0  0  0  0  0 
 0  0  0  0  0  0  0  0  0  0 
 0  0  0  0  0  0  8  6  0  0 
 0  0  0  0  0  6  0  0  0  0 
 0  0  0  0  0  0  0  0  0  0 
 0  0  0  0  0  2  0  0  0  0 
 0  0  0  0  0  0  0  0  0  0 
 0  0  0  0  0  0  0  0  0  0 


--------------------------------------
Total Sum: 14.0 numCount: 3
Step: 608
2  changed to  0 at row: 7 col: 5
--------------------------------------
PRINTING the previous matrix
 0  0  0  0  0  0  0  0  0  0 
 0  0  0  0  0  0  0  0  0  0 
 4  0  0  0  0  0  0  0  0  0 
 0  0  0  0  0  0  0  0  0  0 
 0  0  0  0  0  0  8  0  0  0 
 0  0  0  0  0  0  0  0  0  0 
 0  0  0  0  0  0  0  0  0  0 
 0  0  0  0  0  2  0  0  0  0 
 0  0  0  0  0  0  0  0  0  0 
 0  0  0  0  0  0  0  0  0  0 


--------------------------------------
PRINTING the current matrix
 0  0  0  0  0  0  0  0  0  0 
 0  0  0  0  0  0  0  0  0  0 
 4  0  0  0  0  0  0  0  0  0 
 0  0  0  0  0  0  0  0  0  0 
 0  0  0  0  0  0  8  0  0  0 
 0  0  0  0  0  0  0  0  0  0 
 0  0  0  0  0  0  0  0  0  0 
 0  0  0  0  0  0  0  0  0  0 
 0  0  0  0  0  0  0  0  0  0 
 0  0  0  0  0  0  0  0  0  0 


--------------------------------------
Total # of changes: 159
Reading C:\Users\Leif Christiansen\Documents\BlackBox\scripts\TestFiles\BBTestQ2_1x1000_2015-09-28_20-36.txt
Total Sum: 60.0 numCount: 10
Step: 411
2  changed to  0 at row: 8 col: 2
--------------------------------------
PRINTING the previous matrix
 0  0  0  0  0  0  5  0  0  0 
 0  0  8  0  0  0  3  0  0  0 
 0  0  0  0  0  0  0  6  0  0 
 0  0  0  0  0  0  0  0  0  0 
 0  0  0  0  0  0  0  0  9  0 
 0  0  0  0  0  0  0  0  0  0 
 8  0  0  0  0  0  8  0  0  0 
 0  0  0  0  0  0  0  0  0  0 
 0  0  2  0  0  0  0  0  0  0 
 6  0  0  0  0  0  5  0  0  0 


--------------------------------------
PRINTING the current matrix
 0  0  0  0  0  0  5  0  0  0 
 0  0  8  0  0  0  3  0  0  0 
 0  0  0  0  0  0  0  6  0  0 
 0  0  0  0  0  0  0  0  0  0 
 0  0  0  0  0  0  0  0  9  0 
 0  0  0  0  0  0  0  0  0  0 
 8  0  0  0  0  0  8  0  0  0 
 0  0  0  0  0  0  0  0  0  0 
 0  0  0  0  0  0  0  0  0  0 
 6  0  0  0  0  0  5  0  0  0 


--------------------------------------
Total # of changes: 162
Reading C:\Users\Leif Christiansen\Documents\BlackBox\scripts\TestFiles\BBTestQ2_1x1000_2015-09-28_20-48.txt
Total Sum: 44.0 numCount: 9
Step: 575
2  changed to  0 at row: 6 col: 5
--------------------------------------
PRINTING the previous matrix
 0  0  0  0  0  0  0  0  0  0 
 0  5  0  0  0  0  0  0  0  0 
 0  0  0  0  0  0  0  0  0  0 
 0  0  1  0  0  0  0  0  0  0 
 0  0  0  0  0  8  0  0  0  0 
 0  0  0  0  0  0  0  0  0  0 
 0  0  8  0  0  2  0  0  0  0 
 0  0  0  0  0  0  0  0  0  6 
 0  0  0  0  0  0  0  0  4  0 
 0  0  0  0  0  4  0  0  0  6 


--------------------------------------
PRINTING the current matrix
 0  0  0  0  0  0  0  0  0  0 
 0  5  0  0  0  0  0  0  0  0 
 0  0  0  0  0  0  0  0  0  0 
 0  0  1  0  0  0  0  0  0  0 
 0  0  0  0  0  8  0  0  0  0 
 0  0  0  0  0  0  0  0  0  0 
 0  0  8  0  0  0  0  0  0  0 
 0  0  0  0  0  0  0  0  0  6 
 0  0  0  0  0  0  0  0  4  0 
 0  0  0  0  0  4  0  0  0  6 


--------------------------------------
Total # of changes: 204
Reading C:\Users\Leif Christiansen\Documents\BlackBox\scripts\TestFiles\BBTestQ2_1x1000_2015-10-02_15-43.txt
Total Sum: 20.0 numCount: 5
Step: 585
2  changed to  0 at row: 1 col: 9
--------------------------------------
PRINTING the previous matrix
 0  0  0  0  0  0  0  0  0  0 
 0  0  0  0  0  0  0  0  0  2 
 0  0  0  0  0  0  0  0  0  0 
 0  0  0  0  0  0  0  0  0  0 
 0  0  0  4  0  0  0  0  0  0 
 0  0  0  0  0  0  0  0  0  0 
 0  4  0  0  0  0  4  0  0  0 
 0  0  0  0  0  0  0  0  0  0 
 0  6  0  0  0  0  0  0  0  0 
 0  0  0  0  0  0  0  0  0  0 


--------------------------------------
PRINTING the current matrix
 0  0  0  0  0  0  0  0  0  0 
 0  0  0  0  0  0  0  0  0  0 
 0  0  0  0  0  0  0  0  0  0 
 0  0  0  0  0  0  0  0  0  0 
 0  0  0  4  0  0  0  0  0  0 
 0  0  0  0  0  0  0  0  0  0 
 0  4  0  0  0  0  4  0  0  0 
 0  0  0  0  0  0  0  0  0  0 
 0  6  0  0  0  0  0  0  0  0 
 0  0  0  0  0  0  0  0  0  0 


--------------------------------------
Total # of changes: 165
Reading C:\Users\Leif Christiansen\Documents\BlackBox\scripts\TestFiles\BBTestQ2_1x1000_2015-10-03_15-59.txt
Total Sum: 205.0 numCount: 46
Step: 169
2  changed to  0 at row: 1 col: 0
--------------------------------------
PRINTING the previous matrix
 0  0  0  8  6  0  0  0  2  7 
 2  0  0  0  0  0  4  0  0  2 
 0  0  0  0  2  6  0  4  0  0 
 0  6  0  0  4  0  0  6  0  6 
 4  0  0  4  2  0  0  4  9  2 
 0  0  0  0  3  2  0  1  4  5 
 0  0  8  7  0  4  2  0  0  2 
 6  4  0  0  5  9  1  3  0  4 
 9  0  5  0  5  0  5  0  8  0 
 4  2  0  1  6  0  0  0  0  0 


--------------------------------------
PRINTING the current matrix
 0  0  0  8  6  0  0  0  2  7 
 0  0  0  0  0  0  4  0  0  2 
 0  0  0  0  2  6  0  4  0  0 
 0  6  0  0  4  0  0  6  0  6 
 4  0  0  4  2  0  0  4  9  2 
 0  0  0  0  3  2  0  1  4  5 
 0  0  8  7  0  4  2  0  0  2 
 6  4  0  0  5  9  1  3  0  4 
 9  0  5  0  5  0  5  0  8  0 
 4  2  0  1  6  0  0  0  0  0 


--------------------------------------
Total Sum: 51.0 numCount: 12
Step: 381
2  changed to  0 at row: 7 col: 0
--------------------------------------
PRINTING the previous matrix
 0  0  0  0  4  0  0  0  2  7 
 0  0  0  0  0  0  0  0  0  0 
 0  0  0  0  2  0  0  0  0  0 
 0  0  0  0  0  0  0  0  0  0 
 0  0  0  0  2  0  0  0  0  0 
 0  0  0  0  0  0  0  8  0  5 
 0  0  0  0  0  8  0  0  0  2 
 2  0  0  0  5  0  0  0  0  4 
 0  0  0  0  0  0  0  0  0  0 
 0  0  0  0  0  0  0  0  0  0 


--------------------------------------
PRINTING the current matrix
 0  0  0  0  4  0  0  0  2  7 
 0  0  0  0  0  0  0  0  0  0 
 0  0  0  0  2  0  0  0  0  0 
 0  0  0  0  0  0  0  0  0  0 
 0  0  0  0  2  0  0  0  0  0 
 0  0  0  0  0  0  0  8  0  5 
 0  0  0  0  0  8  0  0  0  2 
 0  0  0  0  5  0  0  0  0  4 
 0  0  0  0  0  0  0  0  0  0 
 0  0  0  0  0  0  0  0  0  0 


--------------------------------------
Total Sum: 49.0 numCount: 11
Step: 400
2  changed to  0 at row: 4 col: 4
--------------------------------------
PRINTING the previous matrix
 0  0  0  0  4  0  0  0  2  7 
 0  0  0  0  0  0  0  0  0  0 
 0  0  0  0  2  0  0  0  0  0 
 0  0  0  0  0  0  0  0  0  0 
 0  0  0  0  2  0  0  0  0  0 
 0  0  0  0  0  0  0  8  0  5 
 0  0  0  0  0  8  0  0  0  2 
 0  0  0  0  5  0  0  0  0  4 
 0  0  0  0  0  0  0  0  0  0 
 0  0  0  0  0  0  0  0  0  0 


--------------------------------------
PRINTING the current matrix
 0  0  0  0  4  0  0  0  2  7 
 0  0  0  0  0  0  0  0  0  0 
 0  0  0  0  2  0  0  0  0  0 
 0  0  0  0  0  0  0  0  0  0 
 0  0  0  0  0  0  0  0  0  0 
 0  0  0  0  0  0  0  8  0  5 
 0  0  0  0  0  8  0  0  0  2 
 0  0  0  0  5  0  0  0  0  4 
 0  0  0  0  0  0  0  0  0  0 
 0  0  0  0  0  0  0  0  0  0 


--------------------------------------
Total # of changes: 160
Reading C:\Users\Leif Christiansen\Documents\BlackBox\scripts\TestFiles\BBTestQ2_1x1000_2015-10-03_16-04.txt
Total Sum: 195.0 numCount: 39
Step: 206
2  changed to  0 at row: 0 col: 9
--------------------------------------
PRINTING the previous matrix
 0  0  0  0  0  0  6  0  0  2 
 0  5  9  0  0  0  0  8  0  0 
 2  0  0  4  8  4  0  6  3  2 
 0  0  0  0  0  0  0  4  0  6 
 0  0  6  2  5  2  8  0  0  1 
 0  7  0  0  0  4  1  1  0  6 
 8  0  0  6  0  0  0  0  9  0 
 2  6  6  0  5  0  0  0  0  0 
 4  7  0  7  0  0  0  0  7  0 
 0  0  8  6  0  0  0  0  2  0 


--------------------------------------
PRINTING the current matrix
 0  0  0  0  0  0  6  0  0  0 
 0  5  9  0  0  0  0  8  0  0 
 2  0  0  4  8  4  0  6  3  2 
 0  0  0  0  0  0  0  4  0  6 
 0  0  6  2  5  2  8  0  0  1 
 0  7  0  0  0  4  1  1  0  6 
 8  0  0  6  0  0  0  0  9  0 
 2  6  6  0  5  0  0  0  0  0 
 4  7  0  7  0  0  0  0  7  0 
 0  0  8  6  0  0  0  0  2  0 


--------------------------------------
Total Sum: 31.0 numCount: 6
Step: 458
2  changed to  0 at row: 0 col: 6
--------------------------------------
PRINTING the previous matrix
 0  0  0  0  0  0  2  0  0  0 
 0  0  0  0  0  0  0  0  0  0 
 0  0  0  4  0  0  0  0  0  2 
 0  0  0  0  0  0  0  0  0  0 
 0  0  0  0  0  8  0  0  0  9 
 0  0  0  0  0  0  0  0  0  0 
 0  0  0  0  0  0  0  0  0  0 
 0  6  0  0  0  0  0  0  0  0 
 0  0  0  0  0  0  0  0  0  0 
 0  0  0  0  0  0  0  0  0  0 


--------------------------------------
PRINTING the current matrix
 0  0  0  0  0  0  0  0  0  0 
 0  0  0  0  0  0  0  0  0  0 
 0  0  0  4  0  0  0  0  0  2 
 0  0  0  0  0  0  0  0  0  0 
 0  0  0  0  0  8  0  0  0  9 
 0  0  0  0  0  0  0  0  0  0 
 0  0  0  0  0  0  0  0  0  0 
 0  6  0  0  0  0  0  0  0  0 
 0  0  0  0  0  0  0  0  0  0 
 0  0  0  0  0  0  0  0  0  0 


--------------------------------------
Total # of changes: 173
Reading C:\Users\Leif Christiansen\Documents\BlackBox\scripts\TestFiles\BBTestQ2_1x1000_2015-10-03_16-08.txt
Total Sum: 77.0 numCount: 18
Step: 343
2  changed to  0 at row: 5 col: 9
--------------------------------------
PRINTING the previous matrix
 0  0  0  0  0  0  0  0  2  0 
 0  0  2  0  0  0  0  0  0  0 
 0  6  0  0  0  0  0  0  0  4 
 0  0  0  0  0  0  0  0  0  8 
 5  0  0  0  2  0  1  0  0  0 
 0  0  0  0  0  0  0  0  0  2 
 0  0  0  8  2  0  0  2  0  0 
 0  0  0  0  0  8  0  0  0  0 
 0  0  2  4  0  0  0  0  0  7 
 0  0  0  0  0  0  0  4  8  0 


--------------------------------------
PRINTING the current matrix
 0  0  0  0  0  0  0  0  2  0 
 0  0  2  0  0  0  0  0  0  0 
 0  6  0  0  0  0  0  0  0  4 
 0  0  0  0  0  0  0  0  0  8 
 5  0  0  0  2  0  1  0  0  0 
 0  0  0  0  0  0  0  0  0  0 
 0  0  0  8  2  0  0  2  0  0 
 0  0  0  0  0  8  0  0  0  0 
 0  0  2  4  0  0  0  0  0  7 
 0  0  0  0  0  0  0  4  8  0 


--------------------------------------
Total Sum: 73.0 numCount: 17
Step: 363
2  changed to  0 at row: 0 col: 8
--------------------------------------
PRINTING the previous matrix
 0  0  0  0  0  0  0  0  2  0 
 0  0  2  0  0  0  0  0  0  0 
 0  6  0  0  0  0  0  0  0  4 
 0  0  0  0  0  0  0  0  0  6 
 5  0  0  0  2  0  1  0  0  0 
 0  0  0  0  0  0  0  0  0  0 
 0  0  0  8  2  0  0  2  0  0 
 0  0  0  0  0  8  0  0  0  0 
 0  0  2  4  0  0  0  0  0  7 
 0  0  0  0  0  0  0  4  8  0 


--------------------------------------
PRINTING the current matrix
 0  0  0  0  0  0  0  0  0  0 
 0  0  2  0  0  0  0  0  0  0 
 0  6  0  0  0  0  0  0  0  4 
 0  0  0  0  0  0  0  0  0  6 
 5  0  0  0  2  0  1  0  0  0 
 0  0  0  0  0  0  0  0  0  0 
 0  0  0  8  2  0  0  2  0  0 
 0  0  0  0  0  8  0  0  0  0 
 0  0  2  4  0  0  0  0  0  7 
 0  0  0  0  0  0  0  4  8  0 


--------------------------------------
Total Sum: 40.0 numCount: 9
Step: 440
2  changed to  0 at row: 1 col: 2
--------------------------------------
PRINTING the previous matrix
 0  0  0  0  0  0  0  0  0  0 
 0  0  2  0  0  0  0  0  0  0 
 0  0  0  0  0  0  0  0  0  0 
 0  0  0  0  0  0  0  0  0  6 
 5  0  0  0  0  0  1  0  0  0 
 0  0  0  0  0  0  0  0  0  0 
 0  0  0  8  0  0  0  2  0  0 
 0  0  0  0  0  8  0  0  0  0 
 0  0  4  4  0  0  0  0  0  0 
 0  0  0  0  0  0  0  0  0  0 


--------------------------------------
PRINTING the current matrix
 0  0  0  0  0  0  0  0  0  0 
 0  0  0  0  0  0  0  0  0  0 
 0  0  0  0  0  0  0  0  0  0 
 0  0  0  0  0  0  0  0  0  6 
 5  0  0  0  0  0  1  0  0  0 
 0  0  0  0  0  0  0  0  0  0 
 0  0  0  8  0  0  0  2  0  0 
 0  0  0  0  0  8  0  0  0  0 
 0  0  4  4  0  0  0  0  0  0 
 0  0  0  0  0  0  0  0  0  0 


--------------------------------------
Total Sum: 37.0 numCount: 7
Step: 472
2  changed to  0 at row: 6 col: 7
--------------------------------------
PRINTING the previous matrix
 0  0  0  0  0  0  0  0  0  0 
 0  0  0  0  0  0  0  0  0  0 
 0  0  0  0  0  0  0  0  0  0 
 0  0  0  0  0  0  0  0  0  6 
 5  0  0  0  0  0  0  0  0  0 
 0  0  0  0  0  0  0  0  0  0 
 0  0  0  8  0  0  0  2  0  0 
 0  0  0  0  0  8  0  0  0  0 
 0  0  4  4  0  0  0  0  0  0 
 0  0  0  0  0  0  0  0  0  0 


--------------------------------------
PRINTING the current matrix
 0  0  0  0  0  0  0  0  0  0 
 0  0  0  0  0  0  0  0  0  0 
 0  0  0  0  0  0  0  0  0  0 
 0  0  0  0  0  0  0  0  0  6 
 5  0  0  0  0  0  0  0  0  0 
 0  0  0  0  0  0  0  0  0  0 
 0  0  0  8  0  0  0  0  0  0 
 0  0  0  0  0  8  0  0  0  0 
 0  0  4  4  0  0  0  0  0  0 
 0  0  0  0  0  0  0  0  0  0 


--------------------------------------
Total # of changes: 178
Reading C:\Users\Leif Christiansen\Documents\BlackBox\scripts\TestFiles\BBTestQ2_1x1000_2015-10-03_16-13.txt
Total Sum: 70.0 numCount: 15
Step: 328
2  changed to  0 at row: 2 col: 2
--------------------------------------
PRINTING the previous matrix
 0  0  0  0  8  5  0  0  0  0 
 0  0  0  0  0  0  0  0  0  0 
 0  0  2  0  0  0  1  0  0  0 
 0  0  0  0  5  0  0  0  0  0 
 0  0  0  0  0  0  0  0  0  0 
 0  5  0  0  0  0  6  7  0  0 
 0  0  0  0  0  0  0  0  0  5 
 0  6  0  1  0  0  6  0  0  0 
 0  2  0  5  0  0  0  0  6  0 
 0  0  0  0  0  0  0  0  0  0 


--------------------------------------
PRINTING the current matrix
 0  0  0  0  8  5  0  0  0  0 
 0  0  0  0  0  0  0  0  0  0 
 0  0  0  0  0  0  1  0  0  0 
 0  0  0  0  5  0  0  0  0  0 
 0  0  0  0  0  0  0  0  0  0 
 0  5  0  0  0  0  6  7  0  0 
 0  0  0  0  0  0  0  0  0  5 
 0  6  0  1  0  0  6  0  0  0 
 0  2  0  5  0  0  0  0  6  0 
 0  0  0  0  0  0  0  0  0  0 


--------------------------------------
Total Sum: 34.0 numCount: 8
Step: 400
2  changed to  0 at row: 7 col: 6
--------------------------------------
PRINTING the previous matrix
 0  0  0  0  8  0  0  0  0  0 
 0  0  0  0  0  0  0  0  0  0 
 0  0  0  0  0  0  3  0  0  0 
 0  0  0  0  0  0  0  0  0  0 
 0  0  0  0  0  0  0  0  0  0 
 0  0  0  0  0  0  6  7  0  0 
 0  0  0  0  0  0  0  0  0  0 
 0  0  0  1  0  0  2  0  0  0 
 0  2  0  5  0  0  0  0  0  0 
 0  0  0  0  0  0  0  0  0  0 


--------------------------------------
PRINTING the current matrix
 0  0  0  0  8  0  0  0  0  0 
 0  0  0  0  0  0  0  0  0  0 
 0  0  0  0  0  0  3  0  0  0 
 0  0  0  0  0  0  0  0  0  0 
 0  0  0  0  0  0  0  0  0  0 
 0  0  0  0  0  0  6  7  0  0 
 0  0  0  0  0  0  0  0  0  0 
 0  0  0  1  0  0  0  0  0  0 
 0  2  0  5  0  0  0  0  0  0 
 0  0  0  0  0  0  0  0  0  0 


--------------------------------------
Total Sum: 15.0 numCount: 3
Step: 840
2  changed to  0 at row: 7 col: 3
--------------------------------------
PRINTING the previous matrix
 0  0  0  0  0  0  0  0  0  0 
 0  0  0  0  0  0  0  0  0  0 
 0  0  0  0  0  0  0  0  0  0 
 0  0  0  0  0  0  0  0  0  0 
 0  0  0  0  0  0  0  0  0  0 
 0  0  0  0  0  0  6  7  0  0 
 0  0  0  0  0  0  0  0  0  0 
 0  0  0  2  0  0  0  0  0  0 
 0  0  0  0  0  0  0  0  0  0 
 0  0  0  0  0  0  0  0  0  0 


--------------------------------------
PRINTING the current matrix
 0  0  0  0  0  0  0  0  0  0 
 0  0  0  0  0  0  0  0  0  0 
 0  0  0  0  0  0  0  0  0  0 
 0  0  0  0  0  0  0  0  0  0 
 0  0  0  0  0  0  0  0  0  0 
 0  0  0  0  0  0  6  7  0  0 
 0  0  0  0  0  0  0  0  0  0 
 0  0  0  0  0  0  0  0  0  0 
 0  0  0  0  0  0  0  0  0  0 
 0  0  0  0  0  0  0  0  0  0 


--------------------------------------
Total # of changes: 166
Reading C:\Users\Leif Christiansen\Documents\BlackBox\scripts\TestFiles\BBTestQ2_1x1000_2015-10-03_16-17.txt
Total Sum: 50.0 numCount: 11
Step: 534
2  changed to  0 at row: 6 col: 7
--------------------------------------
PRINTING the previous matrix
 0  0  0  0  0  0  0  0  0  0 
 0  0  0  0  0  0  0  0  0  0 
 0  0  0  0  0  0  0  0  0  0 
 0  0  0  0  0  0  0  0  0  0 
 0  0  0  0  0  5  0  4  0  0 
 6  0  0  0  0  0  0  0  0  0 
 0  0  0  0  0  0  0  2  0  0 
 3  9  0  0  0  4  0  0  0  4 
 4  0  0  0  0  0  0  0  0  0 
 0  0  0  6  0  0  3  0  0  0 


--------------------------------------
PRINTING the current matrix
 0  0  0  0  0  0  0  0  0  0 
 0  0  0  0  0  0  0  0  0  0 
 0  0  0  0  0  0  0  0  0  0 
 0  0  0  0  0  0  0  0  0  0 
 0  0  0  0  0  5  0  4  0  0 
 6  0  0  0  0  0  0  0  0  0 
 0  0  0  0  0  0  0  0  0  0 
 3  9  0  0  0  4  0  0  0  4 
 4  0  0  0  0  0  0  0  0  0 
 0  0  0  6  0  0  3  0  0  0 


--------------------------------------
Total # of changes: 156
Reading C:\Users\Leif Christiansen\Documents\BlackBox\scripts\TestFiles\BBTestQ2_1x1000_2015-10-03_16-23.txt
Total Sum: 95.0 numCount: 16
Step: 342
2  changed to  0 at row: 4 col: 9
--------------------------------------
PRINTING the previous matrix
 0  0  0  7  0  0  0  0  0  0 
 0  6  4  0  0  0  0  0  0  0 
 0  0  0  0  0  0  0  0  0  6 
 0  0  0  0  0  0  0  0  0  0 
 0  0  0  0  0  0  6  0  0  2 
 0  0  0  0  0  0  0  0  0  0 
 0  0  0  8  0  0  0  0  5  8 
 0  2  0  0  0  0  0  0  0  0 
 0  7  0  0  0  8  0  0  0  8 
 0  5  0  8  0  0  5  0  0  0 


--------------------------------------
PRINTING the current matrix
 0  0  0  7  0  0  0  0  0  0 
 0  6  4  0  0  0  0  0  0  0 
 0  0  0  0  0  0  0  0  0  6 
 0  0  0  0  0  0  0  0  0  0 
 0  0  0  0  0  0  6  0  0  0 
 0  0  0  0  0  0  0  0  0  0 
 0  0  0  8  0  0  0  0  5  8 
 0  2  0  0  0  0  0  0  0  0 
 0  7  0  0  0  8  0  0  0  8 
 0  5  0  8  0  0  5  0  0  0 


--------------------------------------
Total # of changes: 155
Reading C:\Users\Leif Christiansen\Documents\BlackBox\scripts\TestFiles\BBTestQ2_1x1000_2015-10-03_16-28.txt
Total Sum: 50.0 numCount: 10
Step: 380
2  changed to  0 at row: 8 col: 8
--------------------------------------
PRINTING the previous matrix
 0  0  0  0  0  0  0  0  0  0 
 0  0  0  0  0  0  0  0  4  0 
 0  0  0  0  0  0  0  0  0  8 
 0  0  8  0  0  0  0  0  0  8 
 0  0  0  0  0  0  0  0  0  0 
 0  0  0  0  5  0  0  0  2  0 
 0  6  0  0  0  0  0  0  0  0 
 0  0  0  0  0  0  0  0  0  0 
 0  0  0  0  0  0  2  0  2  0 
 0  0  0  0  0  5  0  0  0  0 


--------------------------------------
PRINTING the current matrix
 0  0  0  0  0  0  0  0  0  0 
 0  0  0  0  0  0  0  0  4  0 
 0  0  0  0  0  0  0  0  0  8 
 0  0  8  0  0  0  0  0  0  8 
 0  0  0  0  0  0  0  0  0  0 
 0  0  0  0  5  0  0  0  2  0 
 0  6  0  0  0  0  0  0  0  0 
 0  0  0  0  0  0  0  0  0  0 
 0  0  0  0  0  0  2  0  0  0 
 0  0  0  0  0  5  0  0  0  0 


--------------------------------------
Total Sum: 2.0 numCount: 1
Step: 789
2  changed to  0 at row: 8 col: 6
--------------------------------------
PRINTING the previous matrix
 0  0  0  0  0  0  0  0  0  0 
 0  0  0  0  0  0  0  0  0  0 
 0  0  0  0  0  0  0  0  0  0 
 0  0  0  0  0  0  0  0  0  0 
 0  0  0  0  0  0  0  0  0  0 
 0  0  0  0  0  0  0  0  0  0 
 0  0  0  0  0  0  0  0  0  0 
 0  0  0  0  0  0  0  0  0  0 
 0  0  0  0  0  0  2  0  0  0 
 0  0  0  0  0  0  0  0  0  0 


--------------------------------------
PRINTING the current matrix
 0  0  0  0  0  0  0  0  0  0 
 0  0  0  0  0  0  0  0  0  0 
 0  0  0  0  0  0  0  0  0  0 
 0  0  0  0  0  0  0  0  0  0 
 0  0  0  0  0  0  0  0  0  0 
 0  0  0  0  0  0  0  0  0  0 
 0  0  0  0  0  0  0  0  0  0 
 0  0  0  0  0  0  0  0  0  0 
 0  0  0  0  0  0  0  0  0  0 
 0  0  0  0  0  0  0  0  0  0 


--------------------------------------
Total # of changes: 144
Reading C:\Users\Leif Christiansen\Documents\BlackBox\scripts\TestFiles\BBTestQ2_1x1000_2015-10-03_16-32.txt
Total Sum: 77.0 numCount: 20
Step: 378
2  changed to  0 at row: 3 col: 8
--------------------------------------
PRINTING the previous matrix
 0  0  0  0  4  4  0  0  0  0 
 0  0  0  0  8  0  0  0  0  0 
 6  0  0  0  0  0  2  0  0  0 
 4  0  0  0  0  0  0  0  2  0 
 0  0  0  2  0  1  0  0  0  0 
 2  0  0  0  0  0  0  0  0  0 
 2  0  6  0  0  0  0  0  0  2 
 0  6  0  0  2  0  0  0  0  6 
 0  0  0  0  8  0  0  0  0  0 
 3  0  2  0  0  0  0  0  5  0 


--------------------------------------
PRINTING the current matrix
 0  0  0  0  4  4  0  0  0  0 
 0  0  0  0  8  0  0  0  0  0 
 6  0  0  0  0  0  2  0  0  0 
 4  0  0  0  0  0  0  0  0  0 
 0  0  0  2  0  1  0  0  0  0 
 2  0  0  0  0  0  0  0  0  0 
 2  0  6  0  0  0  0  0  0  2 
 0  6  0  0  2  0  0  0  0  6 
 0  0  0  0  8  0  0  0  0  0 
 3  0  2  0  0  0  0  0  5  0 


--------------------------------------
Total Sum: 72.0 numCount: 16
Step: 427
2  changed to  0 at row: 4 col: 3
--------------------------------------
PRINTING the previous matrix
 0  0  0  0  0  4  0  0  0  0 
 0  0  0  0  8  0  0  0  0  0 
 6  0  0  0  0  0  2  0  0  0 
 4  0  0  0  0  0  0  0  0  0 
 0  0  0  2  0  0  0  0  0  0 
 0  0  0  0  0  0  0  0  0  0 
 2  0  6  0  0  0  0  0  0  2 
 0  6  0  0  6  0  0  0  0  6 
 0  0  0  0  8  0  0  0  0  0 
 3  0  2  0  0  0  0  0  5  0 


--------------------------------------
PRINTING the current matrix
 0  0  0  0  0  4  0  0  0  0 
 0  0  0  0  8  0  0  0  0  0 
 6  0  0  0  0  0  2  0  0  0 
 4  0  0  0  0  0  0  0  0  0 
 0  0  0  0  0  0  0  0  0  0 
 0  0  0  0  0  0  0  0  0  0 
 2  0  6  0  0  0  0  0  0  2 
 0  6  0  0  6  0  0  0  0  6 
 0  0  0  0  8  0  0  0  0  0 
 3  0  2  0  0  0  0  0  5  0 


--------------------------------------
Total Sum: 70.0 numCount: 15
Step: 435
2  changed to  0 at row: 2 col: 6
--------------------------------------
PRINTING the previous matrix
 0  0  0  0  0  4  0  0  0  0 
 0  0  0  0  8  0  0  0  0  0 
 6  0  0  0  0  0  2  0  0  0 
 4  0  0  0  0  0  0  0  0  0 
 0  0  0  0  0  0  0  0  0  0 
 0  0  0  0  0  0  0  0  0  0 
 2  0  6  0  0  0  0  0  0  2 
 0  6  0  0  6  0  0  0  0  6 
 0  0  0  0  8  0  0  0  0  0 
 3  0  2  0  0  0  0  0  5  0 


--------------------------------------
PRINTING the current matrix
 0  0  0  0  0  4  0  0  0  0 
 0  0  0  0  8  0  0  0  0  0 
 6  0  0  0  0  0  0  0  0  0 
 4  0  0  0  0  0  0  0  0  0 
 0  0  0  0  0  0  0  0  0  0 
 0  0  0  0  0  0  0  0  0  0 
 2  0  6  0  0  0  0  0  0  2 
 0  6  0  0  6  0  0  0  0  6 
 0  0  0  0  8  0  0  0  0  0 
 3  0  2  0  0  0  0  0  5  0 


--------------------------------------
Total # of changes: 195
