C:\Users\Leif Christiansen>python -W ignore "C:\Users\Leif Christiansen\Documents\blackBox\Scripts\mutations.py"
Step: 6
5  changed to  0 at row: 5 col: 3
PRINTING the previous matrix
[[ 9.  4.  8.  5.  5.  3.  5.  7.  4.  3.]
 [ 2.  8.  0.  9.  6.  4.  3.  4.  8.  3.]
 [ 2.  5.  1.  9.  8.  3.  4.  5.  6.  0.]
 [ 5.  4.  4.  3.  1.  8.  7.  1.  7.  9.]
 [ 1.  1.  5.  3.  4.  3.  8.  3.  5.  5.]
 [ 1.  9.  1.  5.  6.  0.  8.  7.  3.  7.]
 [ 4.  1.  8.  5.  2.  2.  7.  6.  3.  0.]
 [ 6.  7.  9.  5.  6.  9.  9.  0.  0.  6.]
 [ 7.  0.  8.  6.  9.  9.  2.  7.  8.  5.]
 [ 6.  9.  1.  0.  7.  1.  7.  8.  7.  0.]]


--------------------------------------
PRINTING the current matrix
[[ 9.  4.  8.  5.  5.  3.  5.  7.  4.  3.]
 [ 2.  8.  0.  9.  6.  4.  3.  4.  8.  3.]
 [ 2.  5.  1.  9.  8.  3.  4.  5.  6.  0.]
 [ 5.  4.  4.  3.  1.  8.  7.  1.  7.  9.]
 [ 1.  1.  5.  3.  4.  3.  8.  3.  5.  5.]
 [ 1.  9.  1.  0.  6.  0.  8.  7.  3.  7.]
 [ 4.  1.  8.  5.  2.  2.  7.  6.  3.  0.]
 [ 6.  7.  9.  5.  6.  9.  9.  0.  0.  6.]
 [ 7.  0.  8.  6.  9.  9.  2.  7.  8.  5.]
 [ 6.  9.  1.  0.  7.  1.  7.  8.  7.  0.]]


--------------------------------------
press any key to continue
Step: 8
2  changed to  0 at row: 6 col: 4
PRINTING the previous matrix
[[ 9.  4.  8.  5.  5.  3.  5.  7.  4.  3.]
 [ 2.  8.  0.  9.  6.  4.  3.  4.  8.  3.]
 [ 2.  5.  1.  9.  8.  3.  4.  5.  6.  0.]
 [ 5.  4.  4.  3.  1.  8.  7.  1.  7.  9.]
 [ 1.  1.  5.  3.  4.  3.  8.  3.  5.  5.]
 [ 1.  1.  1.  0.  6.  0.  8.  7.  3.  7.]
 [ 4.  1.  8.  5.  2.  2.  7.  6.  3.  0.]
 [ 6.  7.  9.  5.  6.  9.  9.  0.  0.  6.]
 [ 7.  0.  8.  6.  9.  9.  2.  7.  8.  5.]
 [ 6.  9.  1.  0.  7.  1.  7.  8.  7.  0.]]


--------------------------------------
PRINTING the current matrix
[[ 9.  4.  8.  5.  5.  3.  5.  7.  4.  3.]
 [ 2.  8.  0.  9.  6.  4.  3.  4.  8.  3.]
 [ 2.  5.  1.  9.  8.  3.  4.  5.  6.  0.]
 [ 5.  4.  4.  3.  1.  8.  7.  1.  7.  9.]
 [ 1.  1.  5.  3.  4.  3.  8.  3.  5.  5.]
 [ 1.  1.  1.  0.  6.  0.  8.  7.  3.  7.]
 [ 4.  1.  8.  5.  0.  2.  7.  6.  3.  0.]
 [ 6.  7.  9.  5.  6.  9.  9.  0.  0.  6.]
 [ 7.  0.  8.  6.  9.  9.  2.  7.  8.  5.]
 [ 6.  9.  1.  0.  7.  1.  7.  8.  7.  0.]]


--------------------------------------
press any key to continue
Step: 40
9  changed to  0 at row: 2 col: 3
PRINTING the previous matrix
[[ 9.  4.  8.  5.  5.  3.  5.  7.  4.  3.]
 [ 2.  8.  0.  5.  3.  3.  3.  4.  8.  3.]
 [ 2.  5.  4.  9.  9.  3.  4.  5.  6.  0.]
 [ 5.  4.  4.  3.  1.  8.  7.  5.  7.  9.]
 [ 1.  1.  5.  3.  4.  3.  8.  3.  5.  5.]
 [ 1.  1.  1.  0.  6.  0.  9.  7.  0.  7.]
 [ 4.  1.  8.  5.  0.  0.  7.  6.  0.  0.]
 [ 6.  7.  9.  5.  6.  9.  9.  0.  0.  6.]
 [ 7.  0.  8.  6.  9.  9.  2.  7.  8.  5.]
 [ 6.  8.  1.  8.  7.  2.  7.  8.  8.  0.]]


--------------------------------------
PRINTING the current matrix
[[ 9.  4.  8.  5.  5.  3.  5.  7.  4.  3.]
 [ 2.  8.  0.  5.  3.  3.  3.  4.  8.  3.]
 [ 2.  5.  4.  0.  9.  3.  4.  5.  6.  0.]
 [ 5.  4.  4.  3.  1.  8.  7.  5.  7.  9.]
 [ 1.  1.  5.  3.  4.  3.  8.  3.  5.  5.]
 [ 1.  1.  1.  0.  6.  0.  9.  7.  0.  7.]
 [ 4.  1.  8.  5.  0.  0.  7.  6.  0.  0.]
 [ 6.  7.  9.  5.  6.  9.  9.  0.  0.  6.]
 [ 7.  0.  8.  6.  9.  9.  2.  7.  8.  5.]
 [ 6.  8.  1.  8.  7.  2.  7.  8.  8.  0.]]


--------------------------------------
press any key to continue
Step: 49
9  changed to  0 at row: 0 col: 0
PRINTING the previous matrix
[[ 9.  4.  8.  5.  5.  3.  5.  7.  4.  3.]
 [ 2.  8.  0.  5.  3.  3.  3.  4.  8.  3.]
 [ 2.  5.  4.  0.  9.  3.  4.  5.  5.  0.]
 [ 5.  4.  4.  3.  1.  8.  7.  5.  7.  9.]
 [ 1.  1.  5.  3.  4.  3.  9.  3.  5.  5.]
 [ 1.  1.  1.  0.  6.  0.  9.  7.  0.  7.]
 [ 4.  1.  8.  5.  0.  0.  7.  6.  0.  0.]
 [ 6.  7.  9.  5.  6.  9.  9.  0.  0.  6.]
 [ 7.  0.  8.  6.  9.  9.  2.  7.  8.  5.]
 [ 8.  8.  1.  8.  7.  2.  7.  8.  8.  0.]]


--------------------------------------
PRINTING the current matrix
[[ 0.  4.  8.  5.  5.  3.  5.  7.  4.  3.]
 [ 2.  8.  0.  5.  3.  3.  3.  4.  8.  3.]
 [ 2.  5.  4.  0.  9.  3.  4.  5.  5.  0.]
 [ 5.  4.  4.  3.  1.  8.  7.  5.  7.  9.]
 [ 1.  1.  5.  3.  4.  3.  9.  3.  5.  5.]
 [ 1.  1.  1.  0.  6.  0.  9.  7.  0.  7.]
 [ 4.  1.  8.  5.  0.  0.  7.  6.  0.  0.]
 [ 6.  7.  9.  5.  6.  9.  9.  0.  0.  6.]
 [ 7.  0.  8.  6.  9.  9.  2.  7.  8.  5.]
 [ 8.  8.  1.  8.  7.  2.  7.  8.  8.  0.]]


--------------------------------------
press any key to continue
Step: 66
5  changed to  0 at row: 7 col: 3
PRINTING the previous matrix
[[ 0.  4.  8.  5.  5.  3.  5.  7.  4.  3.]
 [ 2.  8.  5.  5.  3.  3.  3.  4.  3.  3.]
 [ 2.  5.  4.  0.  9.  3.  4.  5.  5.  3.]
 [ 5.  4.  4.  3.  1.  8.  7.  5.  7.  9.]
 [ 1.  1.  1.  3.  4.  3.  9.  3.  5.  5.]
 [ 1.  1.  1.  0.  6.  0.  9.  0.  0.  7.]
 [ 4.  1.  8.  5.  0.  0.  7.  6.  0.  0.]
 [ 4.  7.  9.  5.  6.  9.  9.  0.  0.  6.]
 [ 7.  0.  8.  6.  9.  9.  2.  7.  8.  5.]
 [ 8.  8.  1.  8.  7.  2.  7.  8.  8.  0.]]


--------------------------------------
PRINTING the current matrix
[[ 0.  4.  8.  5.  5.  3.  5.  7.  4.  3.]
 [ 2.  8.  5.  5.  3.  3.  3.  4.  3.  3.]
 [ 2.  5.  4.  0.  9.  3.  4.  5.  5.  3.]
 [ 5.  4.  4.  3.  1.  8.  7.  5.  7.  9.]
 [ 1.  1.  1.  3.  4.  3.  9.  3.  5.  5.]
 [ 1.  1.  1.  0.  6.  0.  9.  0.  0.  7.]
 [ 4.  1.  8.  5.  0.  0.  7.  6.  0.  0.]
 [ 4.  7.  9.  0.  6.  9.  9.  0.  0.  6.]
 [ 7.  0.  8.  6.  9.  9.  2.  7.  8.  5.]
 [ 8.  8.  1.  8.  7.  2.  7.  8.  8.  0.]]


--------------------------------------
press any key to continue
Step: 77
1  changed to  0 at row: 3 col: 4
PRINTING the previous matrix
[[ 0.  4.  8.  5.  5.  3.  5.  7.  4.  3.]
 [ 2.  8.  5.  5.  3.  3.  3.  4.  3.  3.]
 [ 2.  5.  4.  0.  9.  3.  4.  5.  5.  3.]
 [ 5.  4.  4.  3.  1.  8.  7.  5.  7.  9.]
 [ 1.  1.  1.  3.  4.  3.  9.  3.  5.  5.]
 [ 1.  1.  1.  0.  6.  0.  9.  0.  0.  7.]
 [ 4.  1.  8.  0.  0.  0.  0.  0.  0.  0.]
 [ 4.  4.  9.  0.  6.  9.  9.  0.  0.  0.]
 [ 7.  0.  8.  6.  9.  9.  2.  7.  8.  0.]
 [ 8.  8.  1.  8.  6.  2.  7.  8.  8.  0.]]


--------------------------------------
PRINTING the current matrix
[[ 0.  4.  8.  5.  5.  3.  5.  7.  4.  3.]
 [ 2.  8.  5.  5.  3.  3.  3.  4.  3.  3.]
 [ 2.  5.  4.  0.  9.  3.  4.  5.  5.  3.]
 [ 5.  4.  4.  3.  0.  8.  7.  5.  7.  9.]
 [ 1.  1.  1.  3.  4.  3.  9.  3.  5.  5.]
 [ 1.  1.  1.  0.  6.  0.  9.  0.  0.  7.]
 [ 4.  1.  8.  0.  0.  0.  0.  0.  0.  0.]
 [ 4.  4.  9.  0.  6.  9.  9.  0.  0.  0.]
 [ 7.  0.  8.  6.  9.  9.  2.  7.  8.  0.]
 [ 8.  8.  1.  8.  6.  2.  7.  8.  8.  0.]]


--------------------------------------
press any key to continue
Step: 123
7  changed to  0 at row: 0 col: 7
PRINTING the previous matrix
[[ 0.  4.  8.  5.  5.  3.  5.  7.  4.  3.]
 [ 2.  2.  5.  5.  3.  3.  3.  4.  3.  3.]
 [ 2.  5.  4.  0.  9.  3.  4.  5.  5.  3.]
 [ 5.  4.  4.  0.  0.  9.  7.  5.  5.  5.]
 [ 1.  1.  1.  0.  9.  9.  9.  3.  5.  5.]
 [ 1.  1.  1.  0.  6.  0.  9.  0.  0.  7.]
 [ 4.  1.  8.  0.  0.  0.  0.  0.  0.  0.]
 [ 4.  4.  9.  0.  6.  9.  9.  0.  0.  0.]
 [ 7.  8.  8.  6.  6.  6.  2.  7.  8.  0.]
 [ 8.  8.  1.  6.  6.  6.  7.  8.  8.  0.]]


--------------------------------------
PRINTING the current matrix
[[ 0.  4.  8.  5.  5.  3.  5.  0.  4.  3.]
 [ 2.  2.  5.  5.  3.  3.  3.  4.  3.  3.]
 [ 2.  5.  4.  0.  9.  3.  4.  5.  5.  3.]
 [ 5.  4.  4.  0.  0.  9.  7.  5.  5.  5.]
 [ 1.  1.  1.  0.  9.  9.  9.  3.  5.  5.]
 [ 1.  1.  1.  0.  6.  0.  9.  0.  0.  7.]
 [ 4.  1.  8.  0.  0.  0.  0.  0.  0.  0.]
 [ 4.  4.  9.  0.  6.  9.  9.  0.  0.  0.]
 [ 7.  8.  8.  6.  6.  6.  2.  7.  8.  0.]
 [ 8.  8.  1.  6.  6.  6.  7.  8.  8.  0.]]


--------------------------------------
press any key to continue
Step: 145
9  changed to  0 at row: 4 col: 6
PRINTING the previous matrix
[[ 0.  4.  8.  5.  3.  3.  5.  0.  4.  3.]
 [ 2.  2.  5.  5.  3.  3.  3.  4.  3.  3.]
 [ 2.  5.  4.  0.  9.  3.  4.  5.  5.  3.]
 [ 5.  4.  0.  0.  0.  9.  7.  5.  5.  5.]
 [ 1.  1.  1.  0.  9.  9.  9.  3.  5.  5.]
 [ 1.  1.  1.  0.  6.  0.  9.  0.  0.  7.]
 [ 4.  1.  8.  0.  0.  0.  0.  0.  0.  0.]
 [ 4.  4.  9.  0.  6.  9.  9.  0.  0.  0.]
 [ 8.  8.  8.  6.  6.  6.  6.  7.  8.  0.]
 [ 8.  8.  1.  6.  6.  6.  7.  8.  8.  0.]]


--------------------------------------
PRINTING the current matrix
[[ 0.  4.  8.  5.  3.  3.  5.  0.  4.  3.]
 [ 2.  2.  5.  5.  3.  3.  3.  4.  3.  3.]
 [ 2.  5.  4.  0.  9.  3.  4.  5.  5.  3.]
 [ 5.  4.  0.  0.  0.  9.  7.  5.  5.  5.]
 [ 1.  1.  1.  0.  9.  9.  0.  3.  5.  5.]
 [ 1.  1.  1.  0.  6.  0.  9.  0.  0.  7.]
 [ 4.  1.  8.  0.  0.  0.  0.  0.  0.  0.]
 [ 4.  4.  9.  0.  6.  9.  9.  0.  0.  0.]
 [ 8.  8.  8.  6.  6.  6.  6.  7.  8.  0.]
 [ 8.  8.  1.  6.  6.  6.  7.  8.  8.  0.]]


--------------------------------------
press any key to continue
Step: 177
3  changed to  0 at row: 2 col: 5
PRINTING the previous matrix
[[ 0.  4.  8.  5.  3.  3.  5.  0.  0.  3.]
 [ 2.  2.  5.  5.  3.  3.  3.  4.  3.  3.]
 [ 2.  2.  4.  0.  9.  3.  4.  5.  5.  3.]
 [ 5.  4.  0.  0.  0.  9.  9.  5.  5.  5.]
 [ 1.  1.  1.  0.  9.  9.  0.  3.  5.  5.]
 [ 1.  1.  1.  9.  0.  0.  9.  0.  0.  7.]
 [ 4.  1.  8.  0.  0.  0.  0.  0.  0.  0.]
 [ 4.  4.  9.  0.  0.  0.  9.  0.  0.  0.]
 [ 8.  8.  8.  6.  6.  6.  6.  8.  8.  0.]
 [ 8.  8.  1.  6.  6.  6.  7.  8.  8.  0.]]


--------------------------------------
PRINTING the current matrix
[[ 0.  4.  8.  5.  3.  3.  5.  0.  0.  3.]
 [ 2.  2.  5.  5.  3.  3.  3.  4.  3.  3.]
 [ 2.  2.  4.  0.  9.  0.  4.  5.  5.  3.]
 [ 5.  4.  0.  0.  0.  9.  9.  5.  5.  5.]
 [ 1.  1.  1.  0.  9.  9.  0.  3.  5.  5.]
 [ 1.  1.  1.  9.  0.  0.  9.  0.  0.  7.]
 [ 4.  1.  8.  0.  0.  0.  0.  0.  0.  0.]
 [ 4.  4.  9.  0.  0.  0.  9.  0.  0.  0.]
 [ 8.  8.  8.  6.  6.  6.  6.  8.  8.  0.]
 [ 8.  8.  1.  6.  6.  6.  7.  8.  8.  0.]]


--------------------------------------
press any key to continue
Step: 358
5  changed to  0 at row: 0 col: 3
PRINTING the previous matrix
[[ 0.  2.  2.  5.  3.  3.  5.  0.  0.  0.]
 [ 2.  2.  5.  5.  3.  3.  3.  4.  0.  0.]
 [ 2.  2.  0.  0.  9.  0.  0.  5.  5.  5.]
 [ 5.  1.  0.  0.  0.  9.  9.  5.  5.  5.]
 [ 1.  1.  1.  9.  0.  9.  0.  0.  5.  5.]
 [ 1.  1.  1.  9.  0.  9.  0.  0.  0.  0.]
 [ 1.  1.  1.  9.  0.  0.  0.  0.  0.  0.]
 [ 1.  1.  9.  9.  0.  0.  0.  0.  0.  0.]
 [ 8.  8.  8.  6.  6.  6.  6.  8.  8.  0.]
 [ 8.  8.  8.  6.  6.  6.  6.  8.  8.  0.]]


--------------------------------------
PRINTING the current matrix
[[ 0.  2.  2.  0.  3.  3.  5.  0.  0.  0.]
 [ 2.  2.  5.  5.  3.  3.  3.  4.  0.  0.]
 [ 2.  2.  0.  0.  9.  0.  0.  5.  5.  5.]
 [ 5.  1.  0.  0.  0.  9.  9.  5.  5.  5.]
 [ 1.  1.  1.  9.  0.  9.  0.  0.  5.  5.]
 [ 1.  1.  1.  9.  0.  9.  0.  0.  0.  0.]
 [ 1.  1.  1.  9.  0.  0.  0.  0.  0.  0.]
 [ 1.  1.  9.  9.  0.  0.  0.  0.  0.  0.]
 [ 8.  8.  8.  6.  6.  6.  6.  8.  8.  0.]
 [ 8.  8.  8.  6.  6.  6.  6.  8.  8.  0.]]


--------------------------------------
press any key to continue
Total # of changes: 147