C:\Users\Leif Christiansen>python -W ignore "C:\Users\Leif Christiansen\Documents\blackBox\Scripts\mutations.py"
5  changed to  3 at row: 2 col: 0
PRINTING the previous matrix
[[ 1.  8.  8.  3.  9.  9.  0.  5.  5.  4.]
 [ 6.  3.  4.  6.  5.  7.  4.  2.  4.  6.]
 [ 5.  1.  0.  8.  5.  8.  9.  5.  7.  6.]
 [ 0.  3.  0.  5.  7.  9.  9.  0.  0.  9.]
 [ 9.  9.  0.  0.  2.  1.  6.  1.  6.  5.]
 [ 1.  5.  2.  2.  5.  6.  8.  4.  9.  0.]
 [ 2.  0.  6.  0.  7.  8.  7.  3.  0.  3.]
 [ 2.  0.  7.  2.  2.  7.  4.  5.  4.  0.]
 [ 8.  9.  2.  7.  2.  6.  2.  1.  8.  2.]
 [ 5.  4.  7.  3.  5.  5.  8.  5.  9.  6.]]


--------------------------------------
PRINTING the current matrix
[[ 1.  8.  8.  3.  9.  9.  0.  5.  5.  4.]
 [ 6.  3.  4.  6.  5.  7.  4.  2.  4.  6.]
 [ 3.  1.  0.  8.  5.  8.  9.  5.  7.  6.]
 [ 0.  3.  0.  5.  7.  9.  9.  0.  0.  9.]
 [ 9.  9.  0.  0.  2.  1.  6.  1.  6.  5.]
 [ 1.  5.  2.  2.  5.  6.  8.  4.  9.  0.]
 [ 2.  0.  6.  0.  7.  8.  7.  3.  0.  3.]
 [ 2.  0.  7.  2.  2.  7.  4.  5.  4.  0.]
 [ 8.  9.  2.  7.  2.  6.  2.  1.  8.  2.]
 [ 5.  4.  7.  3.  5.  5.  8.  5.  9.  6.]]


--------------------------------------
2  changed to  5 at row: 8 col: 6
PRINTING the previous matrix
[[ 1.  8.  8.  3.  9.  9.  0.  5.  5.  4.]
 [ 6.  3.  4.  6.  5.  7.  4.  2.  4.  6.]
 [ 3.  1.  0.  8.  5.  8.  9.  5.  7.  6.]
 [ 0.  3.  0.  5.  7.  9.  9.  0.  0.  9.]
 [ 9.  9.  0.  0.  2.  1.  6.  1.  6.  5.]
 [ 1.  5.  0.  2.  5.  6.  8.  4.  9.  0.]
 [ 2.  0.  6.  0.  7.  8.  7.  3.  0.  3.]
 [ 2.  0.  0.  2.  2.  7.  4.  5.  4.  0.]
 [ 8.  9.  2.  7.  2.  6.  2.  1.  8.  2.]
 [ 5.  4.  2.  3.  5.  5.  8.  5.  9.  6.]]


--------------------------------------
PRINTING the current matrix
[[ 1.  8.  8.  3.  9.  9.  0.  5.  5.  4.]
 [ 6.  3.  4.  6.  5.  7.  4.  2.  4.  6.]
 [ 3.  1.  0.  8.  5.  8.  9.  5.  7.  6.]
 [ 0.  3.  0.  5.  7.  9.  9.  0.  0.  9.]
 [ 9.  9.  0.  0.  2.  1.  6.  1.  6.  5.]
 [ 1.  5.  0.  2.  5.  6.  8.  4.  9.  0.]
 [ 2.  0.  6.  0.  7.  8.  7.  3.  0.  3.]
 [ 2.  0.  0.  2.  2.  7.  4.  5.  4.  0.]
 [ 8.  9.  2.  7.  2.  6.  5.  1.  8.  2.]
 [ 5.  4.  2.  3.  5.  5.  8.  5.  9.  6.]]


--------------------------------------
Total # of changes: 128

C:\Users\Leif Christiansen>python -W ignore "C:\Users\Leif Christiansen\Documents\blackBox\Scripts\mutations.py"
3  changed to  2 at row: 3 col: 1
PRINTING the previous matrix
[[ 0.  4.  0.  6.  9.  7.  2.  7.  3.  6.]
 [ 2.  0.  8.  6.  6.  0.  5.  5.  9.  3.]
 [ 6.  0.  2.  6.  5.  1.  8.  8.  3.  4.]
 [ 3.  3.  7.  1.  2.  4.  8.  8.  3.  3.]
 [ 8.  5.  2.  2.  1.  7.  3.  9.  3.  9.]
 [ 3.  2.  2.  6.  1.  9.  4.  3.  3.  0.]
 [ 6.  3.  7.  9.  7.  0.  5.  6.  1.  8.]
 [ 4.  4.  4.  1.  5.  1.  9.  4.  8.  7.]
 [ 8.  4.  4.  5.  6.  4.  0.  7.  0.  6.]
 [ 4.  1.  5.  5.  0.  0.  0.  8.  1.  8.]]


--------------------------------------
PRINTING the current matrix
[[ 0.  4.  0.  6.  9.  7.  2.  7.  3.  6.]
 [ 2.  0.  8.  6.  6.  0.  5.  5.  9.  3.]
 [ 6.  0.  2.  6.  5.  1.  8.  8.  3.  4.]
 [ 3.  2.  7.  1.  2.  4.  8.  8.  3.  3.]
 [ 8.  5.  2.  2.  1.  7.  3.  9.  3.  9.]
 [ 3.  2.  2.  6.  1.  9.  4.  3.  3.  0.]
 [ 6.  3.  7.  9.  7.  0.  5.  6.  1.  8.]
 [ 4.  4.  4.  1.  5.  1.  9.  4.  8.  7.]
 [ 8.  4.  4.  5.  6.  4.  0.  7.  0.  6.]
 [ 4.  1.  5.  5.  0.  0.  0.  8.  1.  8.]]


--------------------------------------
3  changed to  7 at row: 5 col: 0
PRINTING the previous matrix
[[ 0.  0.  0.  6.  6.  7.  5.  7.  3.  3.]
 [ 2.  0.  8.  6.  6.  5.  5.  5.  3.  3.]
 [ 0.  0.  0.  0.  5.  1.  0.  3.  3.  4.]
 [ 0.  2.  0.  0.  0.  9.  9.  3.  3.  3.]
 [ 8.  5.  2.  2.  1.  9.  0.  9.  3.  3.]
 [ 3.  2.  2.  9.  1.  9.  4.  3.  3.  0.]
 [ 4.  3.  7.  9.  7.  0.  0.  6.  1.  0.]
 [ 4.  4.  4.  1.  5.  0.  0.  4.  0.  0.]
 [ 8.  4.  4.  5.  5.  4.  0.  0.  0.  0.]
 [ 4.  1.  5.  5.  0.  0.  0.  8.  1.  0.]]


--------------------------------------
PRINTING the current matrix
[[ 0.  0.  0.  6.  6.  7.  5.  7.  3.  3.]
 [ 2.  0.  8.  6.  6.  5.  5.  5.  3.  3.]
 [ 0.  0.  0.  0.  5.  1.  0.  3.  3.  4.]
 [ 0.  2.  0.  0.  0.  9.  9.  3.  3.  3.]
 [ 8.  5.  2.  2.  1.  9.  0.  9.  3.  3.]
 [ 7.  2.  2.  9.  1.  9.  4.  3.  3.  0.]
 [ 4.  3.  7.  9.  7.  0.  0.  6.  1.  0.]
 [ 4.  4.  4.  1.  5.  0.  0.  4.  0.  0.]
 [ 8.  4.  4.  5.  5.  4.  0.  0.  0.  0.]
 [ 4.  1.  5.  5.  0.  0.  0.  8.  1.  0.]]


--------------------------------------
Total # of changes: 130

C:\Users\Leif Christiansen>python -W ignore "C:\Users\Leif Christiansen\Documents\blackBox\Scripts\mutations.py"
4  changed to  3 at row: 9 col: 7
PRINTING the previous matrix
[[ 3.  0.  0.  8.  7.  8.  9.  3.  9.  4.]
 [ 1.  4.  1.  5.  7.  2.  8.  0.  1.  1.]
 [ 6.  1.  1.  1.  0.  6.  7.  6.  8.  5.]
 [ 6.  7.  9.  9.  6.  0.  7.  4.  4.  1.]
 [ 6.  5.  6.  6.  6.  2.  3.  4.  6.  1.]
 [ 7.  2.  1.  8.  4.  4.  8.  2.  4.  5.]
 [ 2.  9.  7.  1.  1.  9.  8.  6.  7.  9.]
 [ 7.  7.  5.  8.  2.  2.  6.  0.  3.  2.]
 [ 5.  4.  5.  7.  1.  8.  3.  2.  9.  1.]
 [ 4.  8.  6.  6.  2.  4.  9.  4.  0.  8.]]


--------------------------------------
PRINTING the current matrix
[[ 3.  0.  0.  8.  7.  8.  9.  3.  9.  4.]
 [ 1.  4.  1.  5.  7.  2.  8.  0.  1.  1.]
 [ 6.  1.  1.  1.  0.  6.  7.  6.  8.  5.]
 [ 6.  7.  9.  9.  6.  0.  7.  4.  4.  1.]
 [ 6.  5.  6.  6.  6.  2.  3.  4.  6.  1.]
 [ 7.  2.  1.  8.  4.  4.  8.  2.  4.  5.]
 [ 2.  9.  7.  1.  1.  9.  8.  6.  7.  9.]
 [ 7.  7.  5.  8.  2.  2.  6.  0.  3.  2.]
 [ 5.  4.  5.  7.  1.  8.  3.  2.  9.  1.]
 [ 4.  8.  6.  6.  2.  4.  9.  3.  0.  8.]]


--------------------------------------
6  changed to  1 at row: 9 col: 3
PRINTING the previous matrix
[[ 0.  0.  1.  1.  1.  0.  0.  0.  0.  0.]
 [ 0.  1.  1.  1.  0.  0.  0.  0.  0.  0.]
 [ 1.  1.  1.  9.  9.  0.  0.  0.  0.  0.]
 [ 6.  6.  9.  0.  9.  0.  0.  0.  0.  0.]
 [ 6.  6.  9.  9.  0.  0.  9.  4.  0.  0.]
 [ 7.  7.  9.  9.  0.  4.  9.  0.  4.  0.]
 [ 7.  7.  7.  0.  0.  0.  0.  0.  0.  0.]
 [ 7.  7.  7.  0.  0.  9.  0.  0.  0.  0.]
 [ 7.  7.  7.  7.  0.  0.  0.  0.  0.  0.]
 [ 7.  7.  7.  6.  0.  0.  0.  0.  0.  8.]]


--------------------------------------
PRINTING the current matrix
[[ 0.  0.  1.  1.  1.  0.  0.  0.  0.  0.]
 [ 0.  1.  1.  1.  0.  0.  0.  0.  0.  0.]
 [ 1.  1.  1.  9.  9.  0.  0.  0.  0.  0.]
 [ 6.  6.  9.  0.  9.  0.  0.  0.  0.  0.]
 [ 6.  6.  9.  9.  0.  0.  9.  4.  0.  0.]
 [ 7.  7.  9.  9.  0.  4.  9.  0.  4.  0.]
 [ 7.  7.  7.  0.  0.  0.  0.  0.  0.  0.]
 [ 7.  7.  7.  0.  0.  9.  0.  0.  0.  0.]
 [ 7.  7.  7.  7.  0.  0.  0.  0.  0.  0.]
 [ 7.  7.  7.  1.  0.  0.  0.  0.  0.  8.]]


--------------------------------------
Total # of changes: 117

C:\Users\Leif Christiansen>python -W ignore "C:\Users\Leif Christiansen\Documents\blackBox\Scripts\mutations.py"
1  changed to  4 at row: 1 col: 7
PRINTING the previous matrix
[[ 9.  4.  8.  5.  5.  3.  5.  7.  4.  3.]
 [ 2.  8.  0.  9.  6.  4.  3.  1.  8.  3.]
 [ 2.  5.  1.  9.  8.  3.  4.  5.  6.  0.]
 [ 5.  4.  4.  3.  1.  8.  7.  1.  7.  9.]
 [ 3.  1.  5.  3.  4.  3.  8.  3.  5.  5.]
 [ 1.  9.  1.  5.  6.  0.  8.  7.  3.  7.]
 [ 4.  7.  8.  5.  2.  2.  7.  6.  3.  0.]
 [ 6.  7.  9.  5.  6.  9.  9.  0.  9.  6.]
 [ 7.  0.  8.  6.  9.  9.  2.  7.  8.  5.]
 [ 6.  9.  1.  0.  7.  1.  7.  8.  7.  0.]]


--------------------------------------
PRINTING the current matrix
[[ 9.  4.  8.  5.  5.  3.  5.  7.  4.  3.]
 [ 2.  8.  0.  9.  6.  4.  3.  4.  8.  3.]
 [ 2.  5.  1.  9.  8.  3.  4.  5.  6.  0.]
 [ 5.  4.  4.  3.  1.  8.  7.  1.  7.  9.]
 [ 3.  1.  5.  3.  4.  3.  8.  3.  5.  5.]
 [ 1.  9.  1.  5.  6.  0.  8.  7.  3.  7.]
 [ 4.  7.  8.  5.  2.  2.  7.  6.  3.  0.]
 [ 6.  7.  9.  5.  6.  9.  9.  0.  9.  6.]
 [ 7.  0.  8.  6.  9.  9.  2.  7.  8.  5.]
 [ 6.  9.  1.  0.  7.  1.  7.  8.  7.  0.]]


--------------------------------------
7  changed to  1 at row: 6 col: 1
PRINTING the previous matrix
[[ 9.  4.  8.  5.  5.  3.  5.  7.  4.  3.]
 [ 2.  8.  0.  9.  6.  4.  3.  4.  8.  3.]
 [ 2.  5.  1.  9.  8.  3.  4.  5.  6.  0.]
 [ 5.  4.  4.  3.  1.  8.  7.  1.  7.  9.]
 [ 1.  1.  5.  3.  4.  3.  8.  3.  5.  5.]
 [ 1.  9.  1.  5.  6.  0.  8.  7.  3.  7.]
 [ 4.  7.  8.  5.  2.  2.  7.  6.  3.  0.]
 [ 6.  7.  9.  5.  6.  9.  9.  0.  0.  6.]
 [ 7.  0.  8.  6.  9.  9.  2.  7.  8.  5.]
 [ 6.  9.  1.  0.  7.  1.  7.  8.  7.  0.]]


--------------------------------------
PRINTING the current matrix
[[ 9.  4.  8.  5.  5.  3.  5.  7.  4.  3.]
 [ 2.  8.  0.  9.  6.  4.  3.  4.  8.  3.]
 [ 2.  5.  1.  9.  8.  3.  4.  5.  6.  0.]
 [ 5.  4.  4.  3.  1.  8.  7.  1.  7.  9.]
 [ 1.  1.  5.  3.  4.  3.  8.  3.  5.  5.]
 [ 1.  9.  1.  5.  6.  0.  8.  7.  3.  7.]
 [ 4.  1.  8.  5.  2.  2.  7.  6.  3.  0.]
 [ 6.  7.  9.  5.  6.  9.  9.  0.  0.  6.]
 [ 7.  0.  8.  6.  9.  9.  2.  7.  8.  5.]
 [ 6.  9.  1.  0.  7.  1.  7.  8.  7.  0.]]


--------------------------------------
6  changed to  3 at row: 1 col: 4
PRINTING the previous matrix
[[ 9.  4.  8.  5.  5.  3.  5.  7.  4.  3.]
 [ 2.  8.  0.  9.  6.  4.  3.  4.  8.  3.]
 [ 2.  5.  1.  9.  8.  3.  4.  5.  6.  0.]
 [ 5.  4.  4.  3.  1.  8.  7.  1.  7.  9.]
 [ 1.  1.  5.  3.  4.  3.  8.  3.  5.  5.]
 [ 1.  1.  1.  0.  6.  0.  8.  7.  3.  7.]
 [ 4.  1.  8.  5.  0.  2.  7.  6.  3.  0.]
 [ 6.  7.  9.  5.  6.  9.  9.  0.  0.  6.]
 [ 7.  0.  8.  6.  9.  9.  2.  7.  8.  5.]
 [ 6.  9.  1.  0.  7.  1.  7.  8.  7.  0.]]


--------------------------------------
PRINTING the current matrix
[[ 9.  4.  8.  5.  5.  3.  5.  7.  4.  3.]
 [ 2.  8.  0.  9.  3.  4.  3.  4.  8.  3.]
 [ 2.  5.  1.  9.  8.  3.  4.  5.  6.  0.]
 [ 5.  4.  4.  3.  1.  8.  7.  1.  7.  9.]
 [ 1.  1.  5.  3.  4.  3.  8.  3.  5.  5.]
 [ 1.  1.  1.  0.  6.  0.  8.  7.  3.  7.]
 [ 4.  1.  8.  5.  0.  2.  7.  6.  3.  0.]
 [ 6.  7.  9.  5.  6.  9.  9.  0.  0.  6.]
 [ 7.  0.  8.  6.  9.  9.  2.  7.  8.  5.]
 [ 6.  9.  1.  0.  7.  1.  7.  8.  7.  0.]]


--------------------------------------
0  changed to  8 at row: 9 col: 3
PRINTING the previous matrix
[[ 9.  4.  8.  5.  5.  3.  5.  7.  4.  3.]
 [ 2.  8.  0.  9.  3.  4.  3.  4.  8.  3.]
 [ 2.  5.  4.  9.  8.  3.  4.  5.  6.  0.]
 [ 5.  4.  4.  3.  1.  8.  7.  1.  7.  9.]
 [ 1.  1.  5.  3.  4.  3.  8.  3.  5.  5.]
 [ 1.  1.  1.  0.  6.  0.  8.  7.  0.  7.]
 [ 4.  1.  8.  5.  0.  0.  7.  6.  0.  0.]
 [ 6.  7.  9.  5.  6.  9.  9.  0.  0.  6.]
 [ 7.  0.  8.  6.  9.  9.  2.  7.  8.  5.]
 [ 6.  9.  1.  0.  7.  1.  7.  8.  7.  0.]]


--------------------------------------
PRINTING the current matrix
[[ 9.  4.  8.  5.  5.  3.  5.  7.  4.  3.]
 [ 2.  8.  0.  9.  3.  4.  3.  4.  8.  3.]
 [ 2.  5.  4.  9.  8.  3.  4.  5.  6.  0.]
 [ 5.  4.  4.  3.  1.  8.  7.  1.  7.  9.]
 [ 1.  1.  5.  3.  4.  3.  8.  3.  5.  5.]
 [ 1.  1.  1.  0.  6.  0.  8.  7.  0.  7.]
 [ 4.  1.  8.  5.  0.  0.  7.  6.  0.  0.]
 [ 6.  7.  9.  5.  6.  9.  9.  0.  0.  6.]
 [ 7.  0.  8.  6.  9.  9.  2.  7.  8.  5.]
 [ 6.  9.  1.  8.  7.  1.  7.  8.  7.  0.]]


--------------------------------------
1  changed to  2 at row: 9 col: 5
PRINTING the previous matrix
[[ 9.  4.  8.  5.  5.  3.  5.  7.  4.  3.]
 [ 2.  8.  0.  9.  3.  4.  3.  4.  8.  3.]
 [ 2.  5.  4.  9.  8.  3.  4.  5.  6.  0.]
 [ 5.  4.  4.  3.  1.  8.  7.  1.  7.  9.]
 [ 1.  1.  5.  3.  4.  3.  8.  3.  5.  5.]
 [ 1.  1.  1.  0.  6.  0.  8.  7.  0.  7.]
 [ 4.  1.  8.  5.  0.  0.  7.  6.  0.  0.]
 [ 6.  7.  9.  5.  6.  9.  9.  0.  0.  6.]
 [ 7.  0.  8.  6.  9.  9.  2.  7.  8.  5.]
 [ 6.  9.  1.  8.  7.  1.  7.  8.  7.  0.]]


--------------------------------------
PRINTING the current matrix
[[ 9.  4.  8.  5.  5.  3.  5.  7.  4.  3.]
 [ 2.  8.  0.  9.  3.  4.  3.  4.  8.  3.]
 [ 2.  5.  4.  9.  8.  3.  4.  5.  6.  0.]
 [ 5.  4.  4.  3.  1.  8.  7.  1.  7.  9.]
 [ 1.  1.  5.  3.  4.  3.  8.  3.  5.  5.]
 [ 1.  1.  1.  0.  6.  0.  8.  7.  0.  7.]
 [ 4.  1.  8.  5.  0.  0.  7.  6.  0.  0.]
 [ 6.  7.  9.  5.  6.  9.  9.  0.  0.  6.]
 [ 7.  0.  8.  6.  9.  9.  2.  7.  8.  5.]
 [ 6.  9.  1.  8.  7.  2.  7.  8.  7.  0.]]


--------------------------------------
9  changed to  8 at row: 9 col: 1
PRINTING the previous matrix
[[ 9.  4.  8.  5.  5.  3.  5.  7.  4.  3.]
 [ 2.  8.  0.  5.  3.  3.  3.  4.  8.  3.]
 [ 2.  5.  4.  9.  8.  3.  4.  5.  6.  0.]
 [ 5.  4.  4.  3.  1.  8.  7.  1.  7.  9.]
 [ 1.  1.  5.  3.  4.  3.  8.  3.  5.  5.]
 [ 1.  1.  1.  0.  6.  0.  9.  7.  0.  7.]
 [ 4.  1.  8.  5.  0.  0.  7.  6.  0.  0.]
 [ 6.  7.  9.  5.  6.  9.  9.  0.  0.  6.]
 [ 7.  0.  8.  6.  9.  9.  2.  7.  8.  5.]
 [ 6.  9.  1.  8.  7.  2.  7.  8.  7.  0.]]


--------------------------------------
PRINTING the current matrix
[[ 9.  4.  8.  5.  5.  3.  5.  7.  4.  3.]
 [ 2.  8.  0.  5.  3.  3.  3.  4.  8.  3.]
 [ 2.  5.  4.  9.  8.  3.  4.  5.  6.  0.]
 [ 5.  4.  4.  3.  1.  8.  7.  1.  7.  9.]
 [ 1.  1.  5.  3.  4.  3.  8.  3.  5.  5.]
 [ 1.  1.  1.  0.  6.  0.  9.  7.  0.  7.]
 [ 4.  1.  8.  5.  0.  0.  7.  6.  0.  0.]
 [ 6.  7.  9.  5.  6.  9.  9.  0.  0.  6.]
 [ 7.  0.  8.  6.  9.  9.  2.  7.  8.  5.]
 [ 6.  8.  1.  8.  7.  2.  7.  8.  7.  0.]]


--------------------------------------
7  changed to  6 at row: 9 col: 4
PRINTING the previous matrix
[[ 0.  4.  8.  5.  5.  3.  5.  7.  4.  3.]
 [ 2.  8.  5.  5.  3.  3.  3.  4.  3.  3.]
 [ 2.  5.  4.  0.  9.  3.  4.  5.  5.  3.]
 [ 5.  4.  4.  3.  1.  8.  7.  5.  7.  9.]
 [ 1.  1.  1.  3.  4.  3.  9.  3.  5.  5.]
 [ 1.  1.  1.  0.  6.  0.  9.  0.  0.  7.]
 [ 4.  1.  8.  0.  0.  0.  7.  0.  0.  0.]
 [ 4.  4.  9.  0.  6.  9.  9.  0.  0.  0.]
 [ 7.  0.  8.  6.  9.  9.  2.  7.  8.  5.]
 [ 8.  8.  1.  8.  7.  2.  7.  8.  8.  0.]]


--------------------------------------
PRINTING the current matrix
[[ 0.  4.  8.  5.  5.  3.  5.  7.  4.  3.]
 [ 2.  8.  5.  5.  3.  3.  3.  4.  3.  3.]
 [ 2.  5.  4.  0.  9.  3.  4.  5.  5.  3.]
 [ 5.  4.  4.  3.  1.  8.  7.  5.  7.  9.]
 [ 1.  1.  1.  3.  4.  3.  9.  3.  5.  5.]
 [ 1.  1.  1.  0.  6.  0.  9.  0.  0.  7.]
 [ 4.  1.  8.  0.  0.  0.  7.  0.  0.  0.]
 [ 4.  4.  9.  0.  6.  9.  9.  0.  0.  0.]
 [ 7.  0.  8.  6.  9.  9.  2.  7.  8.  5.]
 [ 8.  8.  1.  8.  6.  2.  7.  8.  8.  0.]]


--------------------------------------
0  changed to  6 at row: 8 col: 0
PRINTING the previous matrix
[[ 2.  0.  0.  0.  3.  3.  0.  0.  0.  0.]
 [ 2.  2.  0.  0.  3.  3.  0.  0.  0.  0.]
 [ 2.  2.  0.  9.  9.  0.  0.  0.  0.  0.]
 [ 1.  1.  0.  0.  0.  0.  9.  0.  5.  5.]
 [ 1.  1.  1.  9.  0.  0.  0.  0.  5.  5.]
 [ 1.  1.  1.  9.  0.  0.  0.  0.  0.  0.]
 [ 1.  1.  1.  9.  0.  0.  0.  0.  0.  0.]
 [ 1.  1.  9.  9.  0.  0.  0.  0.  0.  0.]
 [ 0.  8.  8.  6.  6.  6.  0.  8.  0.  0.]
 [ 0.  8.  8.  6.  6.  6.  6.  0.  0.  0.]]


--------------------------------------
PRINTING the current matrix
[[ 2.  0.  0.  0.  3.  3.  0.  0.  0.  0.]
 [ 2.  2.  0.  0.  3.  3.  0.  0.  0.  0.]
 [ 2.  2.  0.  9.  9.  0.  0.  0.  0.  0.]
 [ 1.  1.  0.  0.  0.  0.  9.  0.  5.  5.]
 [ 1.  1.  1.  9.  0.  0.  0.  0.  5.  5.]
 [ 1.  1.  1.  9.  0.  0.  0.  0.  0.  0.]
 [ 1.  1.  1.  9.  0.  0.  0.  0.  0.  0.]
 [ 1.  1.  9.  9.  0.  0.  0.  0.  0.  0.]
 [ 6.  8.  8.  6.  6.  6.  0.  8.  0.  0.]
 [ 0.  8.  8.  6.  6.  6.  6.  0.  0.  0.]]


--------------------------------------
Total # of changes: 147